<svg width="136" height="41" viewBox="0 0 136 41" fill="none" xmlns="http://www.w3.org/2000/svg">
<mask id="path-1-inside-1_14_4223" fill="white">
<path d="M0 4C0 1.79086 1.79086 0 4 0H131.249C133.458 0 135.249 1.79086 135.249 4V37C135.249 39.2091 133.458 41 131.249 41H4C1.79086 41 0 39.2091 0 37V4Z"/>
</mask>
<path d="M0 4C0 1.79086 1.79086 0 4 0H131.249C133.458 0 135.249 1.79086 135.249 4V37C135.249 39.2091 133.458 41 131.249 41H4C1.79086 41 0 39.2091 0 37V4Z" fill="#FBBF24"/>
<path d="M-1 4C-1 1.23858 1.23858 -1 4 -1H131.249C134.01 -1 136.249 1.23858 136.249 4H134.249C134.249 2.34315 132.905 1 131.249 1H4C2.34315 1 1 2.34315 1 4H-1ZM136.249 38C136.249 40.7614 134.01 43 131.249 43H4C1.23858 43 -1 40.7614 -1 38L1 37C1 38.1046 2.34315 39 4 39H131.249C132.905 39 134.249 38.1046 134.249 37L136.249 38ZM4 43C1.23858 43 -1 40.7614 -1 38V4C-1 1.23858 1.23858 -1 4 -1V1C2.34315 1 1 2.34315 1 4V37C1 38.1046 2.34315 39 4 39V43ZM131.249 -1C134.01 -1 136.249 1.23858 136.249 4V38C136.249 40.7614 134.01 43 131.249 43V39C132.905 39 134.249 38.1046 134.249 37V4C134.249 2.34315 132.905 1 131.249 1V-1Z" fill="#111827" mask="url(#path-1-inside-1_14_4223)"/>
<path d="M114.297 21.1836V25.7177H112.81V15.5359H114.277V19.3242H114.371C114.55 18.9133 114.824 18.5868 115.192 18.3448C115.56 18.1029 116.04 17.9819 116.633 17.9819C117.157 17.9819 117.615 18.0896 118.006 18.3051C118.4 18.5205 118.705 18.842 118.92 19.2696C119.139 19.6938 119.249 20.2241 119.249 20.8605V25.7177H117.762V21.0394C117.762 20.4793 117.618 20.0451 117.329 19.7369C117.041 19.4253 116.64 19.2696 116.126 19.2696C115.775 19.2696 115.46 19.3441 115.182 19.4933C114.907 19.6424 114.69 19.8612 114.53 20.1495C114.375 20.4346 114.297 20.7793 114.297 21.1836Z" fill="#111827"/>
<path d="M111.027 19.9456L109.679 20.1842C109.623 20.0119 109.534 19.8478 109.411 19.692C109.292 19.5363 109.129 19.4087 108.924 19.3092C108.718 19.2098 108.461 19.1601 108.153 19.1601C107.732 19.1601 107.381 19.2545 107.099 19.4435C106.818 19.6291 106.677 19.8694 106.677 20.1643C106.677 20.4195 106.771 20.625 106.96 20.7808C107.149 20.9366 107.454 21.0642 107.875 21.1636L109.088 21.442C109.791 21.6044 110.314 21.8547 110.659 22.1927C111.004 22.5308 111.176 22.97 111.176 23.5102C111.176 23.9676 111.043 24.3753 110.778 24.7332C110.516 25.0879 110.15 25.3663 109.679 25.5685C109.212 25.7706 108.67 25.8717 108.054 25.8717C107.199 25.8717 106.501 25.6894 105.961 25.3249C105.421 24.957 105.089 24.4349 104.966 23.7588L106.403 23.5401C106.493 23.9146 106.677 24.198 106.955 24.3902C107.233 24.5791 107.596 24.6736 108.044 24.6736C108.531 24.6736 108.92 24.5725 109.212 24.3703C109.504 24.1648 109.65 23.9146 109.65 23.6196C109.65 23.381 109.56 23.1804 109.381 23.018C109.206 22.8556 108.935 22.733 108.571 22.6501L107.278 22.3668C106.566 22.2043 106.039 21.9458 105.697 21.5912C105.359 21.2365 105.19 20.7874 105.19 20.2439C105.19 19.7931 105.316 19.3987 105.568 19.0606C105.82 18.7226 106.168 18.4591 106.612 18.2702C107.056 18.0779 107.565 17.9818 108.138 17.9818C108.964 17.9818 109.613 18.1608 110.087 18.5187C110.561 18.8734 110.874 19.349 111.027 19.9456Z" fill="#111827"/>
<path d="M101.818 25.7177V18.0813H103.305V25.7177H101.818ZM102.569 16.903C102.31 16.903 102.088 16.8169 101.903 16.6445C101.72 16.4688 101.629 16.26 101.629 16.0181C101.629 15.7728 101.72 15.564 101.903 15.3917C102.088 15.216 102.31 15.1282 102.569 15.1282C102.827 15.1282 103.048 15.216 103.23 15.3917C103.416 15.564 103.509 15.7728 103.509 16.0181C103.509 16.26 103.416 16.4688 103.23 16.6445C103.048 16.8169 102.827 16.903 102.569 16.903Z" fill="#111827"/>
<path d="M93.0246 15.5359L95.8585 23.8285H95.9728L98.8066 15.5359H100.467L96.8031 25.7177H95.0282L91.3641 15.5359H93.0246Z" fill="#111827"/>
<path d="M83.0914 25.8717C82.3755 25.8717 81.7507 25.7077 81.2171 25.3795C80.6835 25.0514 80.2692 24.5924 79.9742 24.0024C79.6792 23.4124 79.5317 22.7231 79.5317 21.9342C79.5317 21.1421 79.6792 20.4494 79.9742 19.8561C80.2692 19.2628 80.6835 18.8021 81.2171 18.474C81.7507 18.1459 82.3755 17.9818 83.0914 17.9818C83.8073 17.9818 84.4321 18.1459 84.9657 18.474C85.4993 18.8021 85.9136 19.2628 86.2086 19.8561C86.5036 20.4494 86.6511 21.1421 86.6511 21.9342C86.6511 22.7231 86.5036 23.4124 86.2086 24.0024C85.9136 24.5924 85.4993 25.0514 84.9657 25.3795C84.4321 25.7077 83.8073 25.8717 83.0914 25.8717ZM83.0964 24.6239C83.5604 24.6239 83.9449 24.5012 84.2498 24.256C84.5547 24.0107 84.7801 23.6842 84.9259 23.2766C85.0751 22.8689 85.1496 22.4198 85.1496 21.9293C85.1496 21.442 85.0751 20.9946 84.9259 20.5869C84.7801 20.1759 84.5547 19.8462 84.2498 19.5976C83.9449 19.349 83.5604 19.2247 83.0964 19.2247C82.629 19.2247 82.2413 19.349 81.933 19.5976C81.6281 19.8462 81.4011 20.1759 81.2519 20.5869C81.1061 20.9946 81.0332 21.442 81.0332 21.9293C81.0332 22.4198 81.1061 22.8689 81.2519 23.2766C81.4011 23.6842 81.6281 24.0107 81.933 24.256C82.2413 24.5012 82.629 24.6239 83.0964 24.6239Z" fill="#111827"/>
<path d="M78.3125 18.0813V19.2744H74.1414V18.0813H78.3125ZM75.26 16.2517H76.7465V23.4754C76.7465 23.7638 76.7896 23.9809 76.8757 24.1267C76.9619 24.2692 77.0729 24.367 77.2088 24.42C77.348 24.4697 77.4988 24.4946 77.6612 24.4946C77.7806 24.4946 77.885 24.4863 77.9745 24.4697C78.0639 24.4532 78.1335 24.4399 78.1833 24.43L78.4517 25.658C78.3656 25.6911 78.2429 25.7242 78.0838 25.7574C77.9247 25.7938 77.7259 25.8137 77.4872 25.817C77.0961 25.8237 76.7316 25.7541 76.3935 25.6082C76.0554 25.4624 75.782 25.237 75.5732 24.9321C75.3644 24.6272 75.26 24.2444 75.26 23.7837V16.2517Z" fill="#111827"/>
<path d="M69.3985 18.0813V19.2744H65.2273V18.0813H69.3985ZM66.3459 16.2517H67.8324V23.4754C67.8324 23.7638 67.8755 23.9809 67.9617 24.1267C68.0478 24.2692 68.1589 24.367 68.2948 24.42C68.434 24.4697 68.5848 24.4946 68.7472 24.4946C68.8665 24.4946 68.9709 24.4863 69.0604 24.4697C69.1499 24.4532 69.2195 24.4399 69.2692 24.43L69.5377 25.658C69.4515 25.6911 69.3289 25.7242 69.1698 25.7574C69.0107 25.7938 68.8118 25.8137 68.5732 25.817C68.1821 25.8237 67.8175 25.7541 67.4794 25.6082C67.1414 25.4624 66.8679 25.237 66.6591 24.9321C66.4503 24.6272 66.3459 24.2444 66.3459 23.7837V16.2517Z" fill="#111827"/>
<path d="M61.107 25.8717C60.3679 25.8717 59.7316 25.7043 59.1979 25.3696C58.6676 25.0315 58.26 24.5659 57.9749 23.9726C57.6899 23.3793 57.5474 22.6999 57.5474 21.9342C57.5474 21.1587 57.6932 20.4742 57.9849 19.881C58.2765 19.2844 58.6875 18.8187 59.2178 18.4839C59.7481 18.1492 60.3729 17.9818 61.0921 17.9818C61.6721 17.9818 62.1892 18.0895 62.6432 18.305C63.0973 18.5171 63.4636 18.8154 63.742 19.1999C64.0237 19.5843 64.1911 20.0334 64.2441 20.5472H62.7974C62.7178 20.1892 62.5355 19.881 62.2505 19.6224C61.9688 19.3639 61.5909 19.2347 61.117 19.2347C60.7027 19.2347 60.3397 19.344 60.0282 19.5628C59.7199 19.7782 59.4797 20.0865 59.3073 20.4875C59.135 20.8852 59.0488 21.3559 59.0488 21.8994C59.0488 22.4562 59.1333 22.9368 59.3023 23.3412C59.4714 23.7455 59.71 24.0588 60.0182 24.2808C60.3298 24.5029 60.696 24.6139 61.117 24.6139C61.3987 24.6139 61.6539 24.5625 61.8826 24.4598C62.1146 24.3537 62.3085 24.2029 62.4643 24.0074C62.6234 23.8118 62.7344 23.5765 62.7974 23.3014H64.2441C64.1911 23.7953 64.0303 24.2361 63.7619 24.6239C63.4934 25.0116 63.1338 25.3166 62.683 25.5386C62.2356 25.7607 61.7102 25.8717 61.107 25.8717Z" fill="#111827"/>
<path d="M52.9648 25.8717C52.2124 25.8717 51.5645 25.711 51.0209 25.3895C50.4807 25.0647 50.063 24.6089 49.7681 24.0223C49.4764 23.4323 49.3306 22.7413 49.3306 21.9491C49.3306 21.1669 49.4764 20.4776 49.7681 19.881C50.063 19.2844 50.474 18.8187 51.001 18.4839C51.5313 18.1492 52.1511 17.9818 52.8604 17.9818C53.2913 17.9818 53.7089 18.0531 54.1132 18.1956C54.5176 18.3381 54.8805 18.5618 55.202 18.8668C55.5235 19.1717 55.7771 19.5677 55.9627 20.055C56.1483 20.5389 56.2411 21.1272 56.2411 21.8199V22.3469H50.1708V21.2332H54.7844C54.7844 20.8421 54.7049 20.4958 54.5458 20.1942C54.3867 19.8892 54.163 19.649 53.8746 19.4733C53.5896 19.2976 53.2548 19.2098 52.8703 19.2098C52.4527 19.2098 52.0881 19.3125 51.7766 19.518C51.4683 19.7202 51.2297 19.9854 51.0607 20.3135C50.895 20.6383 50.8121 20.9913 50.8121 21.3724V22.2425C50.8121 22.7529 50.9016 23.1871 51.0806 23.545C51.2629 23.903 51.5164 24.1764 51.8412 24.3653C52.166 24.5509 52.5455 24.6437 52.9797 24.6437C53.2614 24.6437 53.5183 24.604 53.7503 24.5244C53.9823 24.4416 54.1828 24.3189 54.3519 24.1565C54.5209 23.9941 54.6502 23.7936 54.7397 23.555L56.1466 23.8085C56.0339 24.2228 55.8318 24.5857 55.5401 24.8973C55.2517 25.2055 54.8888 25.4458 54.4513 25.6182C54.0171 25.7872 53.5216 25.8717 52.9648 25.8717Z" fill="#111827"/>
<path d="M42.7929 21.1835V25.7176H41.3064V18.0812H42.7332V19.3241H42.8277C43.0034 18.9198 43.2785 18.595 43.653 18.3497C44.0308 18.1044 44.5064 17.9818 45.0798 17.9818C45.6002 17.9818 46.0559 18.0912 46.447 18.3099C46.8381 18.5254 47.1414 18.8469 47.3568 19.2744C47.5723 19.702 47.68 20.2306 47.68 20.8604V25.7176H46.1935V21.0393C46.1935 20.4858 46.0493 20.0533 45.7609 19.7418C45.4726 19.4269 45.0765 19.2695 44.5727 19.2695C44.228 19.2695 43.9215 19.344 43.653 19.4932C43.3878 19.6423 43.1774 19.8611 43.0216 20.1494C42.8691 20.4345 42.7929 20.7792 42.7929 21.1835Z" fill="#111827"/>
<path d="M34.4257 21.1835V25.7176H32.9392V18.0812H34.3661V19.3241H34.4605C34.6362 18.9198 34.9113 18.595 35.2858 18.3497C35.6636 18.1044 36.1393 17.9818 36.7126 17.9818C37.233 17.9818 37.6887 18.0912 38.0798 18.3099C38.4709 18.5254 38.7742 18.8469 38.9896 19.2744C39.2051 19.702 39.3128 20.2306 39.3128 20.8604V25.7176H37.8263V21.0393C37.8263 20.4858 37.6821 20.0533 37.3938 19.7418C37.1054 19.4269 36.7093 19.2695 36.2055 19.2695C35.8608 19.2695 35.5543 19.344 35.2858 19.4932C35.0206 19.6423 34.8102 19.8611 34.6544 20.1494C34.5019 20.4345 34.4257 20.7792 34.4257 21.1835Z" fill="#111827"/>
<path d="M27.7203 25.8717C27.0044 25.8717 26.3796 25.7077 25.846 25.3795C25.3124 25.0514 24.8981 24.5924 24.6031 24.0024C24.3081 23.4124 24.1606 22.7231 24.1606 21.9342C24.1606 21.1421 24.3081 20.4494 24.6031 19.8561C24.8981 19.2628 25.3124 18.8021 25.846 18.474C26.3796 18.1459 27.0044 17.9818 27.7203 17.9818C28.4362 17.9818 29.061 18.1459 29.5946 18.474C30.1282 18.8021 30.5425 19.2628 30.8375 19.8561C31.1325 20.4494 31.28 21.1421 31.28 21.9342C31.28 22.7231 31.1325 23.4124 30.8375 24.0024C30.5425 24.5924 30.1282 25.0514 29.5946 25.3795C29.061 25.7077 28.4362 25.8717 27.7203 25.8717ZM27.7253 24.6239C28.1893 24.6239 28.5738 24.5012 28.8787 24.256C29.1836 24.0107 29.409 23.6842 29.5548 23.2766C29.704 22.8689 29.7785 22.4198 29.7785 21.9293C29.7785 21.442 29.704 20.9946 29.5548 20.5869C29.409 20.1759 29.1836 19.8462 28.8787 19.5976C28.5738 19.349 28.1893 19.2247 27.7253 19.2247C27.2579 19.2247 26.8702 19.349 26.5619 19.5976C26.257 19.8462 26.03 20.1759 25.8808 20.5869C25.735 20.9946 25.6621 21.442 25.6621 21.9293C25.6621 22.4198 25.735 22.8689 25.8808 23.2766C26.03 23.6842 26.257 24.0107 26.5619 24.256C26.8702 24.5012 27.2579 24.6239 27.7253 24.6239Z" fill="#111827"/>
<path d="M22.7848 18.8469H21.2337C21.174 18.5155 21.063 18.2238 20.9006 17.9719C20.7382 17.72 20.5393 17.5062 20.304 17.3306C20.0687 17.1549 19.8052 17.0223 19.5135 16.9328C19.2251 16.8433 18.9186 16.7986 18.5938 16.7986C18.0071 16.7986 17.4818 16.9461 17.0178 17.2411C16.5571 17.536 16.1925 17.9686 15.924 18.5387C15.6589 19.1087 15.5263 19.8048 15.5263 20.6267C15.5263 21.4553 15.6589 22.1547 15.924 22.7247C16.1925 23.2948 16.5587 23.7257 17.0227 24.0173C17.4867 24.309 18.0088 24.4548 18.5888 24.4548C18.9103 24.4548 19.2152 24.4118 19.5036 24.3256C19.7952 24.2361 20.0587 24.1052 20.294 23.9328C20.5294 23.7605 20.7282 23.55 20.8906 23.3014C21.0563 23.0495 21.1707 22.7612 21.2337 22.4364L22.7848 22.4414C22.7019 22.9418 22.5412 23.4025 22.3026 23.8235C22.0672 24.2411 21.764 24.6023 21.3928 24.9073C21.0249 25.2089 20.6039 25.4425 20.13 25.6083C19.656 25.774 19.139 25.8568 18.5788 25.8568C17.6972 25.8568 16.9117 25.648 16.2223 25.2304C15.5329 24.8095 14.9893 24.2079 14.5916 23.4257C14.1972 22.6435 14 21.7105 14 20.6267C14 19.5396 14.1989 18.6066 14.5966 17.8277C14.9943 17.0455 15.5379 16.4456 16.2273 16.028C16.9167 15.6071 17.7005 15.3966 18.5788 15.3966C19.1191 15.3966 19.6229 15.4745 20.0902 15.6303C20.5608 15.7827 20.9834 16.0081 21.358 16.3064C21.7325 16.6014 22.0424 16.9627 22.2876 17.3902C22.5329 17.8145 22.6986 18.3 22.7848 18.8469Z" fill="#111827"/>
</svg>
